<map0>
	<picMap>/FightChess/map1.png</picMap>
	<maxRow>20</maxRow>
	<maxCol>20</maxCol>
	<back>1,2,5</back>
	<data>19,19,19,19,19,4,4,4,15,2,2,2,11,12,2,2,2,29,7,7,19,7,1,7,19,1,1,1,26,27,27,27,21,22,27,27,27,28,7,7,19,1,1,1,19,1,1,1,1,1,1,1,2,2,1,1,1,1,7,7,19,1,1,1,19,1,1,24,1,1,4,1,2,2,1,1,1,1,1,7,19,1,1,1,19,3,1,1,1,1,1,1,2,2,1,1,1,1,1,7,19,1,3,1,19,3,1,1,1,3,1,24,2,2,1,24,1,4,1,30,19,1,3,1,19,3,23,1,1,3,3,1,2,2,1,1,1,1,1,30,19,1,3,1,19,3,1,1,1,3,3,4,2,2,1,1,1,1,1,30,19,1,1,1,19,1,1,1,1,3,1,1,2,2,1,24,1,1,1,30,19,1,1,1,5,1,1,1,3,3,1,1,2,2,1,1,1,4,1,30,19,1,4,1,19,1,3,3,1,1,2,2,2,2,1,1,1,1,1,30,19,1,1,1,19,3,3,1,1,1,2,3,1,1,1,1,1,1,1,30,19,1,1,3,19,1,1,2,2,2,2,3,1,1,4,1,1,1,1,30,19,1,1,1,19,1,16,17,18,2,3,3,8,8,8,1,1,1,1,30,19,10,1,1,19,1,2,2,2,3,3,1,1,1,7,1,1,1,1,30,19,1,1,1,19,1,2,3,3,1,1,1,1,1,7,1,1,1,4,30,19,1,1,1,19,1,2,3,1,1,1,1,1,1,7,1,1,1,1,30,19,1,4,1,19,1,2,1,1,1,1,1,1,7,7,7,1,1,1,30,19,1,1,1,19,1,2,2,2,2,2,2,1,7,1,1,1,1,1,30,19,19,19,19,19,30,30,30,30,30,30,30,30,30,30,30,30,30,30,30</data>
	<heroRC>18,11</heroRC>
	<battlefieldNum>3</battlefieldNum>
	//0startRow,1startCol,2endRow,3endCol,4fightMapIdx,5isShow
	<battlefield0>16,5,16,6,0,0</battlefield0>
	<battlefield1>10,9,10,10,1,0</battlefield1>
	<battlefield2>7,12,7,13,2,0</battlefield2>
	<villageFieldNum>1</villageFieldNum>
	//0startRow,1startCol,2endRow,3endCol,4vilageMapIdx
	<villageField0>14,6,14,8,0</villageField0>
</map0>