<villageMap0>
	<picMap>/FightChess/map1.png</picMap>
	<maxRow>20</maxRow>
	<maxCol>20</maxCol>
	<back>1,2</back>
	<data>24,6,6,6,6,6,6,6,6,6,6,6,6,6,6,6,6,6,6,6,24,1,1,1,1,1,1,1,1,1,1,1,1,1,1,1,1,1,1,24,24,24,1,2,2,2,2,2,2,2,2,2,2,2,2,2,2,2,1,24,24,24,1,1,16,17,18,2,24,2,16,17,18,2,2,10,2,10,1,24,24,24,1,2,2,2,2,2,1,2,2,2,2,2,2,1,2,1,1,24,24,20,20,1,16,17,18,2,24,2,16,17,18,2,2,10,2,10,1,24,24,20,20,2,2,2,2,2,1,2,2,2,2,2,2,1,2,1,1,24,24,20,20,1,16,17,18,2,24,2,16,17,18,2,2,10,2,10,1,24,24,20,20,2,2,2,2,2,1,2,2,2,2,2,2,1,2,1,1,24,24,20,20,1,16,17,18,2,24,2,16,17,18,2,2,10,2,10,1,24,24,20,20,2,2,2,2,2,2,2,2,2,2,2,2,2,2,2,1,24,24,1,1,20,1,1,1,1,1,2,2,1,1,1,1,1,1,1,1,24,24,1,1,20,20,1,1,1,1,2,2,1,1,1,1,20,20,1,1,24,24,1,1,20,20,1,1,1,1,2,2,1,1,20,20,20,20,20,1,24,24,1,1,20,20,20,20,1,1,2,2,1,20,20,1,20,20,1,1,24,24,1,1,1,20,20,20,20,1,2,2,1,20,20,20,1,1,1,1,24,24,1,1,4,1,1,1,20,1,2,2,1,20,20,1,1,4,1,1,24,24,1,1,1,1,1,1,1,1,2,2,1,1,1,1,1,1,1,1,24,24,1,1,1,1,1,1,1,1,2,2,1,1,1,1,1,1,1,1,24,24,24,24,24,24,24,24,24,1,2,2,1,24,24,24,24,24,24,24,24</data>
	<myHeroRC>18,10</myHeroRC>
	<picName>/FightChess/people1.png</picName>
	<peopleNum>2</peopleNum>
	//0startR,1startC,2endR,3endC,4imgIdx,5dialogIdx
	<people0>10,11,10,15,0,0</people0>
	<people1>5,9,9,9,1,1</people1>
	<dialogNum>2</dialogNum>
	<dialog0>.../...</dialog0>
	<dialog1>.../...</dialog1>
	<doorNum>1</doorNum>
	//0startR,1startC,2endR,3endC,4mapR,5mapC
	<door0>19,8,19,11,15,6</door0>
</villageMap0>